19 171
0 1 7.4
0 2 4.3
0 3 9.2
0 4 9.4
0 5 7.6
0 6 1.2
0 7 6.7
0 8 9.4
0 9 3.7
0 10 9.4
0 11 0.3
0 12 5.3
0 13 4.0
0 14 1.3
0 15 2.3
0 16 9.3
0 17 1.7
0 18 1.1
1 2 0.3
1 3 8.2
1 4 5.5
1 5 1.7
1 6 6.6
1 7 6.7
1 8 6.5
1 9 1.5
1 10 6.6
1 11 8.5
1 12 7.2
1 13 1.3
1 14 4.5
1 15 4.5
1 16 5.5
1 17 3.6
1 18 3.8
2 3 3.0
2 4 4.7
2 5 0.5
2 6 2.3
2 7 8.3
2 8 9.8
2 9 2.5
2 10 3.5
2 11 3.7
2 12 3.7
2 13 5.7
2 14 2.9
2 15 5.3
2 16 6.7
2 17 3.1
2 18 3.5
3 4 2.1
3 5 4.7
3 6 10.0
3 7 8.7
3 8 1.1
3 9 1.4
3 10 5.2
3 11 9.4
3 12 8.5
3 13 6.5
3 14 3.8
3 15 2.9
3 16 1.9
3 17 7.3
3 18 6.7
4 5 4.8
4 6 1.9
4 7 7.0
4 8 7.0
4 9 0.1
4 10 6.7
4 11 9.4
4 12 3.5
4 13 0.3
4 14 3.0
4 15 9.1
4 16 3.1
4 17 8.3
4 18 5.8
5 6 6.1
5 7 1.6
5 8 7.8
5 9 0.7
5 10 1.5
5 11 6.4
5 12 1.7
5 13 2.8
5 14 1.6
5 15 1.0
5 16 1.2
5 17 7.9
5 18 4.7
6 7 4.0
6 8 9.8
6 9 2.0
6 10 0.6
6 11 4.5
6 12 3.8
6 13 7.5
6 14 1.4
6 15 3.9
6 16 4.1
6 17 0.7
6 18 7.3
7 8 4.3
7 9 3.6
7 10 6.3
7 11 7.4
7 12 1.8
7 13 2.0
7 14 3.4
7 15 3.3
7 16 9.7
7 17 4.1
7 18 4.7
8 9 6.0
8 10 5.7
8 11 7.4
8 12 7.4
8 13 6.6
8 14 8.4
8 15 5.3
8 16 1.2
8 17 2.3
8 18 4.9
9 10 3.1
9 11 2.8
9 12 9.3
9 13 6.8
9 14 0.2
9 15 0.5
9 16 0.5
9 17 4.2
9 18 1.1
10 11 7.7
10 12 8.4
10 13 4.7
10 14 3.9
10 15 5.7
10 16 6.4
10 17 5.8
10 18 9.0
11 12 9.6
11 13 5.4
11 14 3.0
11 15 4.1
11 16 1.2
11 17 8.5
11 18 1.4
12 13 8.6
12 14 5.0
12 15 9.7
12 16 3.7
12 17 6.1
12 18 1.9
13 14 8.5
13 15 9.1
13 16 4.6
13 17 7.7
13 18 5.8
14 15 4.7
14 16 8.1
14 17 6.3
14 18 8.8
15 16 9.2
15 17 3.9
15 18 7.1
16 17 3.7
16 18 7.7
17 18 2.7
