24 276
0 1 7310.2
0 2 4187.9
0 3 9101.6
0 4 9331.3
0 5 7476.6
0 6 1138.1
0 7 6619.4
0 8 9284.7
0 9 3573.5
0 10 9339.7
0 11 236.1
0 12 5171.1
0 13 3879.8
0 14 1174.2
0 15 2233.7
0 16 9237.7
0 17 1642.4
0 18 1031.3
0 19 187.0
0 20 8114.4
0 21 5362.1
0 22 1579.5
0 23 6503.7
1 2 6626.6
1 3 6368.7
1 4 1441.5
1 5 6521.2
1 6 8374.8
1 7 7104.5
1 8 1238.4
1 9 4391.1
1 10 4414.6
1 11 5426.2
1 12 3492.6
1 13 3745.7
1 14 2902.7
1 15 4630.6
1 16 365.1
1 17 2187.3
1 18 8204.0
1 19 9704.7
1 20 2423.3
1 21 3375.0
1 22 3584.3
1 23 3597.4
2 3 5608.5
2 4 2821.9
2 5 5239.7
2 6 6639.8
2 7 3008.8
2 8 3354.0
2 9 2001.7
2 10 4588.2
2 11 9857.6
2 12 8628.2
2 13 956.8
2 14 1299.0
2 15 5149.3
2 16 9331.5
2 17 8403.4
2 18 6387.6
2 19 3722.5
2 20 2817.9
2 21 1813.8
2 22 7215.0
2 23 6563.6
3 4 4716.4
3 5 1845.5
3 6 6928.6
3 7 6903.6
3 8 49.4
3 9 6633.1
3 10 9326.8
3 11 3424.3
3 12 217.4
3 13 2924.1
3 14 9032.7
3 15 3039.2
3 16 8163.7
3 17 5672.4
3 18 6047.9
3 19 1517.6
3 20 7674.0
3 21 636.1
3 22 1375.1
3 23 6302.1
4 5 1592.8
4 6 2674.0
4 7 1451.2
4 8 924.2
4 9 1077.3
4 10 7838.8
4 11 4646.6
4 12 3895.2
4 13 9652.4
4 14 1861.6
4 15 458.6
4 16 4368.7
4 17 3707.0
4 18 7387.1
4 19 1272.2
4 20 3756.3
4 21 4020.1
4 22 598.9
4 23 7180.5
5 6 4237.4
5 7 3522.9
5 8 6213.1
5 9 7276.5
5 10 1686.4
5 11 1885.4
5 12 3324.3
5 13 3203.9
5 14 9559.3
5 15 3960.3
5 16 4578.9
5 17 5861.2
5 18 5553.0
5 19 7252.8
5 20 7312.4
5 21 6477.1
5 22 8330.0
5 23 5151.0
6 7 1123.6
6 8 2225.1
6 9 4803.4
6 10 2985.1
6 11 2683.6
6 12 9172.0
6 13 6691.9
6 14 70.6
6 15 444.1
6 16 448.1
6 17 4090.6
6 18 1042.9
6 19 7628.5
6 20 8327.9
6 21 4565.7
6 22 3841.5
6 23 5604.3
7 8 6252.0
7 9 5726.8
7 10 8928.5
7 11 9455.8
7 12 5286.0
7 13 2888.6
7 14 4034.5
7 15 1147.1
7 16 8441.5
7 17 1287.2
7 18 8459.4
7 19 4918.5
7 20 9617.1
7 21 3610.3
7 22 6042.0
7 23 1842.1
8 9 8413.6
8 10 9026.9
8 11 4525.6
8 12 7585.5
8 13 5718.8
8 14 4596.1
8 15 8029.5
8 16 6166.8
8 17 8686.7
8 18 9072.4
8 19 3795.2
8 20 7014.4
8 21 3637.9
8 22 7636.6
8 23 2618.6
9 10 9889.8
9 11 3363.4
9 12 1547.0
9 13 9345.5
9 14 8649.2
9 15 4435.5
9 16 3379.9
9 17 9796.2
9 18 2876.9
9 19 4667.0
9 20 8255.5
9 21 7795.2
9 22 4284.0
9 23 1865.7
10 11 3837.1
10 12 6126.0
10 13 279.2
10 14 2863.9
10 15 651.5
10 16 7864.6
10 17 8582.6
10 18 5247.6
10 19 5894.1
10 20 4749.3
10 21 3934.1
10 22 4966.3
10 23 8544.4
11 12 948.5
11 13 8604.2
11 14 6181.0
11 15 3567.0
11 16 8493.9
11 17 9544.2
11 18 5113.9
11 19 7839.3
11 20 8193.4
11 21 9549.3
11 22 1219.1
11 23 7989.5
12 13 2426.1
12 14 5886.0
12 15 6244.9
12 16 221.2
12 17 169.9
12 18 8110.6
12 19 4058.3
12 20 6295.8
12 21 8389.7
12 22 6922.1
12 23 6947.2
13 14 6254.2
13 15 5504.6
13 16 2194.7
13 17 2148.2
13 18 253.8
13 19 6128.7
13 20 7114.5
13 21 8798.1
13 22 7077.1
13 23 5718.5
14 15 4979.0
14 16 644.0
14 17 4212.3
14 18 4523.1
14 19 5757.8
14 20 2051.5
14 21 2716.3
14 22 5307.0
14 23 3270.4
15 16 705.7
15 17 7733.0
15 18 9156.3
15 19 6950.6
15 20 7954.1
15 21 9326.1
15 22 5061.0
15 23 2012.3
16 17 5621.8
16 18 3450.6
16 19 8934.3
16 20 2568.9
16 21 9704.8
16 22 4438.8
16 23 4763.5
17 18 1852.9
17 19 4692.5
17 20 892.2
17 21 8967.3
17 22 3490.5
17 23 7969.2
18 19 4685.7
18 20 8469.4
18 21 8613.1
18 22 8897.9
18 23 2992.4
19 20 4370.8
19 21 949.3
19 22 5708.6
19 23 9677.7
20 21 4219.6
20 22 6414.3
20 23 7410.6
21 22 3375.8
21 23 3364.7
22 23 5364.6
