22 117
0 2 4187.9
0 6 1138.1
0 9 3573.5
0 11 236.1
0 13 3879.8
0 14 1174.2
0 15 2233.7
0 17 1642.4
0 18 1031.3
0 19 187.0
1 2 1579.5
1 6 1441.5
1 10 1238.4
1 11 4391.1
1 12 4414.6
1 14 3492.6
1 15 3745.7
1 16 2902.7
1 17 4630.6
1 18 365.1
1 19 2187.3
2 3 2423.3
2 4 3375.0
2 5 3584.3
2 6 3597.4
2 8 2821.9
2 11 3008.8
2 12 3354.0
2 13 2001.7
2 14 4588.2
2 17 956.8
2 18 1299.0
3 5 3722.5
3 6 2817.9
3 7 1813.8
3 10 4716.4
3 11 1845.5
3 14 49.4
3 17 3424.3
3 18 217.4
3 19 2924.1
3 21 3039.2
4 8 1517.6
4 10 636.1
4 11 1375.1
4 13 1592.8
4 14 2674.0
4 15 1451.2
4 16 924.2
4 17 1077.3
4 19 4646.6
4 20 3895.2
5 6 1861.6
5 7 458.6
5 8 4368.7
5 9 3707.0
5 11 1272.2
5 12 3756.3
5 13 4020.1
5 14 598.9
5 16 4237.4
5 17 3522.9
5 20 1686.4
5 21 1885.4
6 7 3324.3
6 8 3203.9
6 10 3960.3
6 11 4578.9
6 19 1123.6
6 20 2225.1
6 21 4803.4
7 8 2985.1
7 9 2683.6
7 12 70.6
7 13 444.1
7 14 448.1
7 15 4090.6
7 16 1042.9
7 19 4565.7
7 20 3841.5
8 14 2888.6
8 15 4034.5
8 16 1147.1
8 18 1287.2
8 20 4918.5
9 10 3610.3
9 12 1842.1
9 15 4525.6
9 18 4596.1
10 12 3795.2
10 14 3637.9
10 16 2618.6
10 18 3363.4
10 19 1547.0
11 12 4435.5
11 13 3379.9
11 15 2876.9
11 16 4667.0
11 19 4284.0
11 20 1865.7
11 21 3837.1
12 14 279.2
12 15 2863.9
12 16 651.5
12 21 4749.3
13 14 3934.1
13 15 4966.3
13 17 948.5
13 20 3567.0
14 20 1219.1
15 16 2426.1
15 19 221.2
15 20 169.9
16 17 4058.3
17 20 2194.7
17 21 2148.2
18 19 253.8
