26 172
0 2 4.3
0 6 1.2
0 7 1.0
0 9 3.7
0 11 0.3
0 13 4.0
0 14 1.3
0 15 2.3
0 17 1.7
0 18 1.1
0 19 1.0
0 22 1.7
1 2 1.5
1 6 1.3
1 7 4.5
1 8 1.0
1 10 3.6
1 11 3.8
1 12 3.0
1 13 4.7
1 14 0.5
1 15 2.3
1 18 2.5
1 19 3.5
1 20 1.0
1 21 3.7
1 23 2.9
2 3 3.1
2 4 3.5
2 5 2.1
2 6 4.7
2 9 1.0
2 10 1.4
2 15 3.8
2 16 2.9
2 17 1.9
2 20 4.8
2 21 1.0
2 24 0.1
3 5 3.5
3 6 0.3
3 7 3.0
3 9 3.1
3 10 1.0
3 13 1.6
3 15 0.7
3 16 1.5
3 18 1.7
3 19 2.8
3 20 1.6
3 21 1.0
3 22 1.0
3 24 4.7
3 25 4.0
4 6 2.0
4 7 0.6
4 8 4.5
4 9 3.8
4 11 1.0
4 12 3.9
4 13 4.1
4 14 0.7
4 16 4.3
4 17 3.6
4 20 1.8
4 21 2.0
4 22 3.4
4 23 1.0
4 25 4.1
5 6 4.7
5 12 1.0
5 14 1.2
5 15 2.3
5 16 4.9
5 17 3.1
5 18 2.8
5 21 0.2
5 22 0.5
5 23 0.5
5 24 1.0
5 25 1.1
6 9 4.7
6 10 3.9
6 13 1.0
6 17 3.0
6 18 4.1
6 19 1.2
6 21 1.4
6 23 5.0
6 25 1.0
7 9 1.9
7 12 4.6
7 14 1.0
7 15 4.7
7 20 3.9
7 22 3.7
7 24 2.7
8 9 3.5
8 10 1.6
8 13 4.5
8 14 3.5
8 15 1.0
8 16 3.0
8 17 4.8
8 20 4.4
8 21 2.0
8 22 3.9
8 24 0.4
8 25 3.0
9 10 0.8
9 15 4.8
9 16 1.0
9 17 5.1
9 19 1.0
9 22 3.7
10 14 1.3
10 16 2.5
10 17 1.0
10 19 0.3
10 20 0.3
10 22 4.2
11 15 2.3
11 16 2.2
11 17 0.4
11 18 1.0
11 23 5.1
11 24 0.7
11 25 4.3
12 13 4.6
12 15 2.2
12 16 2.8
12 18 3.4
12 19 1.0
13 14 2.1
13 16 3.6
13 18 2.7
13 20 1.0
13 21 4.9
13 22 2.0
13 23 4.8
13 24 1.0
14 15 3.6
14 17 4.8
14 21 1.0
14 22 4.5
14 23 1.0
15 16 4.3
15 19 3.5
15 20 3.5
15 22 1.0
16 17 2.0
16 19 1.0
16 20 1.7
16 21 0.8
16 23 1.0
17 18 2.5
17 20 4.6
17 23 3.2
17 24 1.0
17 25 0.5
18 23 1.3
18 24 2.6
18 25 1.0
19 20 4.6
19 24 4.4
20 23 3.7
21 22 4.5
21 23 2.2
21 24 1.3
22 24 3.7
23 24 3.3
23 25 0.8
