20 190
0 1 731.1
0 2 418.9
0 3 910.2
0 4 933.2
0 5 747.7
0 6 113.9
0 7 662.0
0 8 928.6
0 9 357.4
0 10 934.1
0 11 23.7
0 12 517.2
0 13 388.1
0 14 117.5
0 15 223.5
0 16 923.9
0 17 164.3
0 18 103.2
0 19 18.8
1 2 811.5
1 3 536.3
1 4 158.0
1 5 650.5
1 6 662.7
1 7 637.0
1 8 144.2
1 9 652.2
1 10 837.6
1 11 710.5
1 12 123.9
1 13 439.2
1 14 441.5
1 15 542.7
1 16 349.3
1 17 374.7
1 18 290.4
1 19 463.2
2 3 36.6
2 4 218.8
2 5 820.5
2 6 970.6
2 7 242.4
2 8 337.6
2 9 358.5
2 10 359.8
2 11 560.9
2 12 282.3
2 13 524.1
2 14 664.1
2 15 301.0
2 16 335.5
2 17 200.3
2 18 458.9
2 19 985.9
3 4 862.9
3 5 95.8
3 6 130.0
3 7 515.0
3 8 933.2
3 9 840.4
3 10 638.9
3 11 372.3
3 12 281.9
3 13 181.5
3 14 721.6
3 15 656.4
3 16 471.7
3 17 184.6
3 18 692.9
3 19 690.5
4 5 5.0
4 6 663.4
4 7 932.8
4 8 342.5
4 9 21.8
4 10 292.5
4 11 903.4
4 12 304.0
4 13 816.5
4 14 567.3
4 15 604.9
4 16 151.8
4 17 767.5
4 18 63.7
4 19 137.6
5 6 630.3
5 7 159.4
5 8 267.5
5 9 145.2
5 10 92.5
5 11 107.8
5 12 784.0
5 13 464.8
5 14 389.6
5 15 965.3
5 16 186.2
5 17 46.0
5 18 437.0
5 19 370.8
6 7 738.8
6 8 127.3
6 9 375.7
6 10 402.1
6 11 60.0
6 12 718.1
6 13 423.8
6 14 352.4
6 15 621.4
6 16 727.7
6 17 168.7
6 18 188.6
6 19 332.5
7 8 320.5
7 9 956.0
7 10 396.1
7 11 458.0
7 12 586.2
7 13 555.4
7 14 725.4
7 15 731.3
7 16 647.8
7 17 833.1
7 18 515.2
7 19 112.5
8 9 222.6
8 10 480.4
8 11 298.6
8 12 268.5
8 13 917.3
8 14 669.3
8 15 7.2
8 16 44.5
8 17 44.9
8 18 409.2
8 19 104.4
9 10 762.9
9 11 832.9
9 12 456.7
9 13 384.2
9 14 560.5
9 15 625.3
9 16 572.8
9 17 892.9
9 18 945.7
9 19 528.7
10 11 289.0
10 12 403.5
10 13 114.8
10 14 844.2
10 15 128.8
10 16 846.0
10 17 491.9
10 18 961.8
10 19 361.1
11 12 604.3
11 13 184.3
11 14 841.5
11 15 902.8
11 16 452.7
11 17 758.6
11 18 572.0
11 19 459.7
12 13 803.0
12 14 616.8
12 15 868.8
12 16 907.3
12 17 379.6
12 18 701.5
12 19 363.9
13 14 763.8
13 15 262.0
13 16 989.1
13 17 336.4
13 18 154.8
13 19 934.6
14 15 865.0
14 16 443.6
14 17 338.1
14 18 979.7
14 19 287.8
15 16 466.8
15 17 825.6
15 18 779.6
15 19 428.5
16 17 186.7
16 18 383.8
16 19 612.7
17 18 28.0
17 19 286.5
18 19 65.2
