30 228
0 2 4.3
0 6 1.2
0 9 3.7
0 11 0.3
0 13 4.0
0 14 1.3
0 15 2.3
0 17 1.7
0 18 1.1
0 19 0.3
0 22 1.7
0 23 1.0
0 26 1.5
1 2 1.3
1 3 4.5
1 4 4.5
1 6 3.6
1 7 3.8
1 8 1.0
1 9 4.7
1 10 0.5
1 11 2.3
1 14 2.5
1 15 3.5
1 16 3.7
1 17 3.7
1 19 2.9
1 22 3.1
1 23 3.5
1 24 1.0
1 25 4.7
1 28 1.1
1 29 1.4
2 7 3.8
2 8 2.9
2 12 4.8
2 13 1.9
2 16 0.1
2 19 3.5
2 20 0.3
2 21 3.0
2 23 3.1
2 25 1.0
2 27 1.6
2 29 0.7
3 4 1.5
3 6 1.7
3 7 2.8
3 8 1.6
3 10 1.0
3 12 4.7
3 13 4.0
3 15 2.0
3 16 0.6
3 17 4.5
3 18 3.8
3 20 1.4
3 21 3.9
3 22 4.1
3 23 0.7
3 25 4.3
3 29 1.8
4 5 2.0
4 6 3.4
4 7 3.3
4 9 4.1
4 10 4.7
4 11 1.0
4 18 1.2
4 19 2.3
4 20 4.9
4 21 3.1
4 22 2.8
4 25 0.2
4 26 0.5
4 27 1.0
4 28 4.2
4 29 1.1
5 8 4.7
5 9 3.9
5 12 1.0
5 16 3.0
5 17 4.1
5 18 1.2
5 20 1.4
5 22 5.0
5 24 3.7
5 26 1.9
5 28 1.0
5 29 4.6
6 9 4.7
6 13 1.0
6 14 3.9
6 16 3.7
6 18 2.7
6 20 3.5
6 21 1.6
6 24 4.5
6 25 3.5
6 27 3.0
6 28 4.8
6 29 1.0
7 9 4.4
7 10 2.0
7 11 3.9
7 13 0.4
7 14 1.0
7 15 0.8
7 20 4.8
7 21 4.0
7 22 5.1
7 24 1.0
7 27 3.7
8 13 1.3
8 15 1.0
8 18 0.3
8 19 0.3
8 21 4.2
8 28 2.3
8 29 2.2
9 10 0.4
9 16 1.0
9 17 0.7
9 18 4.3
9 19 4.6
9 21 2.2
9 22 2.8
9 24 3.4
9 25 0.8
10 13 2.1
10 15 3.6
10 17 1.0
10 19 4.5
10 20 4.9
10 21 2.0
10 22 4.8
10 23 1.0
10 25 3.6
10 27 4.8
11 13 3.1
11 14 4.5
11 15 1.0
11 18 1.0
11 21 3.5
11 22 3.5
11 24 2.8
11 28 2.0
12 13 1.0
12 14 1.7
12 15 0.8
12 17 3.5
12 19 1.0
12 20 2.5
12 22 4.6
12 25 3.2
12 27 0.5
13 16 1.3
13 17 2.6
13 18 4.7
13 19 4.6
13 20 1.0
13 23 4.4
13 27 3.7
14 15 4.5
14 16 2.2
14 17 1.3
14 20 3.7
14 21 1.0
14 22 3.3
14 23 0.8
14 28 3.9
14 29 3.7
15 16 2.8
15 17 1.1
15 18 4.9
15 22 1.0
15 26 2.9
15 27 2.2
15 28 1.7
16 19 1.0
16 20 0.7
16 21 0.6
16 22 0.8
16 23 1.0
16 24 4.2
16 26 2.5
16 27 4.9
17 18 1.6
17 19 2.3
17 20 2.6
17 22 5.0
17 23 3.6
17 24 1.0
17 25 0.1
17 28 1.2
17 29 4.7
18 24 4.0
18 25 1.0
18 27 4.9
19 22 2.1
19 23 5.1
19 26 1.0
19 29 2.9
20 22 3.4
20 24 3.3
20 25 3.2
20 27 1.0
20 28 2.3
21 25 4.4
21 27 3.4
21 28 1.0
21 29 1.8
22 23 0.7
22 24 3.1
22 28 4.6
22 29 1.0
23 24 3.5
23 25 3.1
23 27 4.1
23 28 0.3
24 28 4.6
24 29 3.3
25 26 1.8
25 27 2.3
25 29 4.0
26 27 1.1
26 28 2.4
26 29 1.8
